# Vincent Lu captured data from the IAAF for generating an animation that we recreate here.
#
# https://www.iaaf.org/results/olympic-games/2016/the-xxxi-olympic-games-5771/men/decathlon/1500-metres/points

rio_df <- structure(list(Year = c("2016", "2016", "2016", "2016", "2016", 
"2016", "2016", "2016", "2016", "2016", "2016", "2016", "2016", 
"2016", "2016", "2016", "2016", "2016", "2016", "2016", "2016", 
"2016", "2016", "2016", "2016", "2016", "2016", "2016", "2016", 
"2016", "2016", "2016", "2016", "2016", "2016", "2016", "2016", 
"2016", "2016", "2016", "2016", "2016", "2016", "2016", "2016", 
"2016", "2016", "2016", "2016", "2016", "2016", "2016", "2016", 
"2016", "2016", "2016", "2016", "2016", "2016", "2016", "2016", 
"2016", "2016", "2016", "2016", "2016", "2016", "2016", "2016", 
"2016", "2016", "2016", "2016", "2016", "2016", "2016", "2016", 
"2016", "2016", "2016", "2016", "2016", "2016", "2016", "2016", 
"2016", "2016", "2016", "2016", "2016", "2016", "2016", "2016", 
"2016", "2016", "2016", "2016", "2016", "2016", "2016", "2016", 
"2016", "2016", "2016", "2016", "2016", "2016", "2016", "2016", 
"2016", "2016", "2016", "2016", "2016", "2016", "2016", "2016", 
"2016", "2016", "2016", "2016", "2016", "2016", "2016", "2016", 
"2016", "2016", "2016", "2016", "2016", "2016", "2016", "2016", 
"2016", "2016", "2016", "2016", "2016", "2016", "2016", "2016", 
"2016", "2016", "2016", "2016", "2016", "2016", "2016", "2016", 
"2016", "2016", "2016", "2016", "2016", "2016", "2016", "2016", 
"2016", "2016", "2016", "2016", "2016", "2016", "2016", "2016", 
"2016", "2016", "2016", "2016", "2016", "2016", "2016", "2016", 
"2016", "2016", "2016", "2016", "2016", "2016", "2016", "2016", 
"2016", "2016", "2016", "2016", "2016", "2016", "2016", "2016", 
"2016", "2016", "2016", "2016", "2016", "2016", "2016", "2016", 
"2016", "2016", "2016", "2016", "2016", "2016", "2016", "2016", 
"2016", "2016", "2016", "2016", "2016", "2016", "2016", "2016", 
"2016", "2016", "2016", "2016", "2016", "2016", "2016", "2016", 
"2016", "2016", "2016", "2016", "2016", "2016", "2016", "2016", 
"2016"), Athlete = structure(c(75L, 119L, 95L, 109L, 71L, 65L, 
148L, 93L, 110L, 94L, 149L, 111L, 113L, 126L, 53L, 150L, 117L, 
52L, 125L, 96L, 116L, 115L, 124L, 75L, 119L, 95L, 109L, 71L, 
65L, 148L, 93L, 110L, 94L, 149L, 111L, 113L, 126L, 53L, 150L, 
117L, 52L, 125L, 96L, 116L, 115L, 124L, 75L, 119L, 95L, 109L, 
71L, 65L, 148L, 93L, 110L, 94L, 149L, 111L, 113L, 126L, 53L, 
150L, 117L, 52L, 125L, 96L, 116L, 115L, 124L, 75L, 119L, 95L, 
109L, 71L, 65L, 148L, 93L, 110L, 94L, 149L, 111L, 113L, 126L, 
53L, 150L, 117L, 52L, 125L, 96L, 116L, 115L, 124L, 75L, 119L, 
95L, 109L, 71L, 65L, 148L, 93L, 110L, 94L, 149L, 111L, 113L, 
126L, 53L, 150L, 117L, 52L, 125L, 96L, 116L, 115L, 124L, 75L, 
119L, 95L, 109L, 71L, 65L, 148L, 93L, 110L, 94L, 149L, 111L, 
113L, 126L, 53L, 150L, 117L, 52L, 125L, 96L, 116L, 115L, 124L, 
75L, 119L, 95L, 109L, 71L, 65L, 148L, 93L, 110L, 94L, 149L, 111L, 
113L, 126L, 53L, 150L, 117L, 52L, 125L, 96L, 116L, 115L, 124L, 
75L, 119L, 95L, 109L, 71L, 65L, 148L, 93L, 110L, 94L, 149L, 111L, 
113L, 126L, 53L, 150L, 117L, 52L, 125L, 96L, 116L, 115L, 124L, 
75L, 119L, 95L, 109L, 71L, 65L, 148L, 93L, 110L, 94L, 149L, 111L, 
113L, 126L, 53L, 150L, 117L, 52L, 125L, 96L, 116L, 115L, 124L, 
75L, 119L, 95L, 109L, 71L, 65L, 148L, 93L, 110L, 94L, 149L, 111L, 
113L, 126L, 53L, 150L, 117L, 52L, 125L, 96L, 116L, 115L, 124L
), .Label = c("Eduard Hämäläinen", "Fedor Laukhin", "Volodymyr Mykhailenko", 
"Kip Janvrin", "Wilfrid Boulineau", "Laurent Hernu", "Klaus Ambrosch", 
"Indrek Kaseorg", "Oleksandr Yurkov", "Raúl Duany", "Jirí Ryba", 
"Lev Lobodin", "Mário Aníbal", "Zsolt Kürtösi", "Henrik Dagård", 
"Stefan Schmid", "Attila Zsivoczky", "Frank Busemann", "Tomáš Dvorák", 
"Tom Pappas", "Dean Macey", "Chris Huffins", "Roman Šebrle", 
"Erki Nool", "Tomáš Dvorák", "Dean Macay", "Jirí Ryba", "Roman Šebrle", 
"Michael Nolan", "Benjamin Jensen", "Phil McMullen", "Chiel Warners", 
"Dmitriy Karpov", "Qi Haifeng", "André Niklaus", "Claston Bernard", 
"Vitaliy Smirnov", "Bryan Clay", "Aleksandr Pogorelov", "Kristjan Rahnu", 
"Romain Barras", "Jaakko Ojaniemi", "Aleksey Drozdov", "Hamdi Dhouibi", 
"Mikk Pahapill", "Paul Terek", "Frédéric Xhonneux", "Roland Schwarzl", 
"Óscar González", "Maurice Smith", "Aleksey Sysoyev", "Yordanis García", 
"Arthur Abele", "Hans van Alphen", "Robert Jacob Arnold", "Aliaksandr Parkhomenka", 
"François Gourmet", "Andres Raja", "Agustín Félix", "Alberto Juantorena", 
"Hiromasa Tanaka", "Josef Karas", "Kim Kun-woo", "Trey Hardee", 
"Leonel Suárez", "Oleksiy Kasyanov", "Pascal Behrenbruch", "Nicklas Wiberg", 
"Yunior Díaz", "Andrei Krauchanka", "Larbi Bourrada", "Willem Coertzen", 
"Norman Müller", "Vasiliy Kharlamov", "Ashton Eaton", "Eugène Martineau", 
"Ingmar Vos", "Nadir El Fassi", "Brent Newdick", "Jake Arnold", 
"Daniel Almgren", "Daisuke Ikeda", "Moritz Cleve", "Yevhen Nikitin", 
"Mateo Sossah", "Simon Walter", "Attila Szabó", "Mikk-Mihkel Arro", 
"Atis Vaisjuns", "Eelco Sintnicolaas", "Mihail Dudaš", "Jan Felix Knobel", 
"Thomas van der Plaetsen", "Luiz Alberto de Araújo", "Damian Warner", 
"Keisuke Ushiro", "Michael Schrader", "Kevin Mayer", "Carlos Chinin", 
"Rico Freimuth", "Ilya Shkurenyov", "Gunnar Nixon", "Artem Lukyanenko", 
"Eduard Mikhan", "Maicel Uibo", "Sergey Sviridov", "Pelle Rietveld", 
"Marcus Nilsson", "Kai Kazmirek", "Kurt Felix", "Adam Helcelet", 
"Pieter Braun", "Bastien Auzeil", "Zachery Ziemek", "Akihiko Nakamura", 
"Pawel Wiesiolek", "Pau Tonnesen", "Janek Õiglane", "Kévin Mayer", 
"Jorge Ureña", "Devon Williams", "Ashley Bryant", "Martin Roe", 
"Karl Robert Saluri", "Dominik Distelberger", "Cedric Dubler", 
"Florian Schönbeck", "Nikolay Averyanov", "Stefan Drews", "David Gómez", 
"Indrek Turi", "Santiago Lorenzo", "Janis Karlivans", "Prodromos Korkizoglou", 
"Hans Olav Uldal", "Paolo Casarsa", "Mikalai Shubianok", "Massimo Bertocchi", 
"Jangy Addy", "Daniel Awde", "Hadi Sepehrzad", "Damjan Sitar", 
"Slaven Dizdarevic", "Gonzalo Barroilhet", "Edgars Erinš", "Darius Draudvila", 
"Rifat Artikov", "Zach Ziemek", "Jeremy Taiwo", "Lindon Victor"
), class = "factor"), cc_iso2c = c("us", "fr", "ca", "de", "dz", 
"cu", "us", "be", "gd", "br", "us", "cz", "fr", "au", "de", "gd", 
"es", "cu", "at", "jp", "pl", "jp", "ee", "us", "fr", "ca", "de", 
"dz", "cu", "us", "be", "gd", "br", "us", "cz", "fr", "au", "de", 
"gd", "es", "cu", "at", "jp", "pl", "jp", "ee", "us", "fr", "ca", 
"de", "dz", "cu", "us", "be", "gd", "br", "us", "cz", "fr", "au", 
"de", "gd", "es", "cu", "at", "jp", "pl", "jp", "ee", "us", "fr", 
"ca", "de", "dz", "cu", "us", "be", "gd", "br", "us", "cz", "fr", 
"au", "de", "gd", "es", "cu", "at", "jp", "pl", "jp", "ee", "us", 
"fr", "ca", "de", "dz", "cu", "us", "be", "gd", "br", "us", "cz", 
"fr", "au", "de", "gd", "es", "cu", "at", "jp", "pl", "jp", "ee", 
"us", "fr", "ca", "de", "dz", "cu", "us", "be", "gd", "br", "us", 
"cz", "fr", "au", "de", "gd", "es", "cu", "at", "jp", "pl", "jp", 
"ee", "us", "fr", "ca", "de", "dz", "cu", "us", "be", "gd", "br", 
"us", "cz", "fr", "au", "de", "gd", "es", "cu", "at", "jp", "pl", 
"jp", "ee", "us", "fr", "ca", "de", "dz", "cu", "us", "be", "gd", 
"br", "us", "cz", "fr", "au", "de", "gd", "es", "cu", "at", "jp", 
"pl", "jp", "ee", "us", "fr", "ca", "de", "dz", "cu", "us", "be", 
"gd", "br", "us", "cz", "fr", "au", "de", "gd", "es", "cu", "at", 
"jp", "pl", "jp", "ee", "us", "fr", "ca", "de", "dz", "cu", "us", 
"be", "gd", "br", "us", "cz", "fr", "au", "de", "gd", "es", "cu", 
"at", "jp", "pl", "jp", "ee"),